a:
    utf8 "a"
        size = 1 byte

        61
        01100001

    packets:
        size = 9 bytes

        197 242 150 88 225 91 43 5 209
        110001011111001010010110010110001110000101011011001010110000010111010001

        163 1 195 4 200 82 124 93 141
        101000110000000111000011000001001100100001010010011111000101110110001101

        229 120 33 98 170 241 181 137 24
        111001010111100000100001011000101010101011110001101101011000100100011000

aa:
    utf8 "aa"
        size = 2 bytes
        61 61
        0110000101100001
    packets:
        size = 10 bytes
        56 130 220 117 154 144 248 8 240 45
        00111000100000101101110001110101100110101001000011111000000010001111000000101101

        116 195 14 189 198 115 189 230 234 230
        01110100110000110000111010111101110001100111001110111101111001101110101011100110

        152 153 188 180 75 78 244 197 213 140
        10011000100110011011110010110100010010110100111011110100110001011101010110001100

        38 150 214 132 162 124 178 10 31 125
        00100110100101101101011010000100101000100111110010110010000010100001111101111101

aaa
61 61 61
01100001 0110000101100001

239 222 117 100 109 5 78 90 242 162 254 1110111111011110011101010110010001101101000001010100111001011010111100101010001011111110

🚀:
    utf8 "🚀"
        size = 4 bytes
        240 159 154 128
        11110000100111111001101010000000
    packets:
        size = 12 bytes

        61 130 172 23 17 113 90 74 220 82 246 3 001111011000001010101100000101110001000101110001010110100100101011011100010100101111011000000011
